48   0  4091368  4036213  4146523 13.7 13.5 13.9  1373461  1338184  1408738 18.4 17.9 18.9   978673   946489  1010857 17.6 17.0 18.2  75778  75308  76248  370789  356859  384719 19.6 18.9 20.3 Texas                                         TX est23-tx.txt 27NOV2024
48   1     9602     7718    11486 21.4 17.2 25.6     2763     2088     3438 24.6 18.6 30.6     2004     1516     2492 24.3 18.4 30.2  56548  52151  60945                                        Anderson County                               TX est23-tx.txt 27NOV2024
48   3     2110     1655     2565 11.4  8.9 13.9      755      522      988 13.2  9.1 17.3      543      366      720 12.7  8.6 16.8  80936  70941  90931                                        Andrews County                                TX est23-tx.txt 27NOV2024
48   5    14631    12353    16909 17.2 14.5 19.9     5409     4294     6524 24.9 19.8 30.0     4143     3282     5004 25.8 20.4 31.2  57298  52410  62186                                        Angelina County                               TX est23-tx.txt 27NOV2024
48   7     4261     3353     5169 17.1 13.5 20.7     1235      845     1625 27.9 19.1 36.7      872      571     1173 26.4 17.3 35.5  60112  53143  67081                                        Aransas County                                TX est23-tx.txt 27NOV2024
48   9      867      672     1062  9.7  7.5 11.9      255      178      332 12.6  8.8 16.4      190      129      251 12.2  8.3 16.1  71672  63377  79967                                        Archer County                                 TX est23-tx.txt 27NOV2024
48  11      188      144      232 10.5  8.0 13.0       62       43       81 15.3 10.5 20.1       47       32       62 15.9 10.7 21.1  68555  59759  77351                                        Armstrong County                              TX est23-tx.txt 27NOV2024
48  13     9468     7940    10996 18.4 15.4 21.4     3077     2205     3949 22.6 16.2 29.0     2220     1556     2884 21.7 15.2 28.2  58330  51842  64818                                        Atascosa County                               TX est23-tx.txt 27NOV2024
48  15     3665     2875     4455 11.6  9.1 14.1     1320      927     1713 18.0 12.6 23.4      964      665     1263 17.5 12.1 22.9  73248  65120  81376                                        Austin County                                 TX est23-tx.txt 27NOV2024
48  17     1069      816     1322 16.4 12.5 20.3      459      315      603 23.4 16.1 30.7      318      212      424 22.6 15.1 30.1  51193  44653  57733                                        Bailey County                                 TX est23-tx.txt 27NOV2024
48  19     2895     2347     3443 12.9 10.5 15.3      699      486      912 18.6 12.9 24.3      515      350      680 18.1 12.3 23.9  66649  59056  74242                                        Bandera County                                TX est23-tx.txt 27NOV2024
48  21    12206     9900    14512 11.3  9.2 13.4     4601     3297     5905 16.2 11.6 20.8     3237     2257     4217 15.2 10.6 19.8  77345  69828  84862                                        Bastrop County                                TX est23-tx.txt 27NOV2024
48  23      593      465      721 17.4 13.6 21.2      171      122      220 22.5 16.1 28.9      126       89      163 22.2 15.6 28.8  49566  42985  56147                                        Baylor County                                 TX est23-tx.txt 27NOV2024
48  25     5685     4281     7089 24.9 18.8 31.0     1725     1187     2263 28.2 19.4 37.0     1253      838     1668 27.6 18.5 36.7  54072  48124  60020                                        Bee County                                    TX est23-tx.txt 27NOV2024
48  27    44369    38047    50691 11.5  9.9 13.1    16740    12767    20713 15.7 12.0 19.4    12265     9265    15265 16.0 12.1 19.9  69562  66818  72306                                        Bell County                                   TX est23-tx.txt 27NOV2024
48  29   301255   281109   321401 14.7 13.7 15.7    96040    85786   106294 19.1 17.1 21.1    68840    60807    76873 18.5 16.3 20.7  69755  68059  71451                                        Bexar County                                  TX est23-tx.txt 27NOV2024
48  31     1104      838     1370  8.5  6.4 10.6      286      195      377 13.4  9.1 17.7      218      144      292 13.4  8.9 17.9  91031  84334  97728                                        Blanco County                                 TX est23-tx.txt 27NOV2024
48  33       68       53       83 11.9  9.2 14.6       21       15       27 17.9 12.7 23.1       17       12       22 18.3 12.6 24.0  80738  69987  91489                                        Borden County                                 TX est23-tx.txt 27NOV2024
48  35     2201     1691     2711 11.7  9.0 14.4      751      509      993 19.4 13.2 25.6      539      355      723 18.2 12.0 24.4  66325  59688  72962                                        Bosque County                                 TX est23-tx.txt 27NOV2024
48  37    12857    10265    15449 14.8 11.8 17.8     4187     2858     5516 19.5 13.3 25.7     2990     1992     3988 18.6 12.4 24.8  55343  50330  60356                                        Bowie County                                  TX est23-tx.txt 27NOV2024
48  39    36476    29637    43315  9.4  7.6 11.2    12074     8770    15378 12.1  8.8 15.4     8781     6304    11258 11.6  8.3 14.9  93071  88041  98101                                        Brazoria County                               TX est23-tx.txt 27NOV2024
48  41    52926    49229    56623 23.7 22.0 25.4     9246     7415    11077 18.9 15.2 22.6     6784     5376     8192 19.1 15.1 23.1  55724  51389  60059                                        Brazos County                                 TX est23-tx.txt 27NOV2024
48  43     1233      921     1545 13.7 10.2 17.2      313      216      410 19.8 13.6 26.0      226      151      301 19.6 13.1 26.1  57871  50592  65150                                        Brewster County                               TX est23-tx.txt 27NOV2024
48  45      200      151      249 13.9 10.5 17.3       68       47       89 21.7 14.9 28.5       49       33       65 20.9 13.9 27.9  57983  50737  65229                                        Briscoe County                                TX est23-tx.txt 27NOV2024
48  47     1892     1411     2373 29.7 22.2 37.2      773      522     1024 45.0 30.4 59.6      577      379      775 45.2 29.7 60.7  36695  32049  41341                                        Brooks County                                 TX est23-tx.txt 27NOV2024
48  49     5455     4237     6673 14.8 11.5 18.1     1646     1138     2154 21.5 14.9 28.1     1232      840     1624 22.5 15.3 29.7  57744  50991  64497                                        Brown County                                  TX est23-tx.txt 27NOV2024
48  51     2680     2035     3325 13.9 10.6 17.2      900      612     1188 21.1 14.4 27.8      675      452      898 21.4 14.4 28.4  63764  56081  71447                                        Burleson County                               TX est23-tx.txt 27NOV2024
48  53     5227     4239     6215  9.9  8.0 11.8     1500     1051     1949 14.0  9.8 18.2     1058      713     1403 13.1  8.8 17.4  77824  72264  83384                                        Burnet County                                 TX est23-tx.txt 27NOV2024
48  55     6601     5304     7898 13.7 11.0 16.4     2172     1560     2784 19.4 13.9 24.9     1658     1176     2140 21.1 15.0 27.2  63395  56848  69942                                        Caldwell County                               TX est23-tx.txt 27NOV2024
48  57     2826     2134     3518 14.6 11.0 18.2      979      671     1287 21.9 15.0 28.8      711      475      947 21.7 14.5 28.9  68885  60782  76988                                        Calhoun County                                TX est23-tx.txt 27NOV2024
48  59     1814     1400     2228 12.7  9.8 15.6      548      368      728 17.8 12.0 23.6      411      269      553 17.5 11.5 23.5  63378  55707  71049                                        Callahan County                               TX est23-tx.txt 27NOV2024
48  61    99161    90945   107377 23.5 21.6 25.4    40331    35728    44934 33.9 30.0 37.8    29147    25521    32773 32.6 28.5 36.7  51716  49448  53984                                        Cameron County                                TX est23-tx.txt 27NOV2024
48  63     2271     1780     2762 17.6 13.8 21.4      910      649     1171 26.4 18.8 34.0      675      477      873 27.0 19.1 34.9  53775  47281  60269                                        Camp County                                   TX est23-tx.txt 27NOV2024
48  65      532      410      654  9.1  7.0 11.2      173      120      226 12.8  8.9 16.7      128       87      169 12.0  8.1 15.9  73716  64918  82514                                        Carson County                                 TX est23-tx.txt 27NOV2024
48  67     4675     3716     5634 16.5 13.1 19.9     1503     1048     1958 23.3 16.2 30.4     1123      771     1475 23.4 16.1 30.7  52092  46948  57236                                        Cass County                                   TX est23-tx.txt 27NOV2024
48  69     1256      994     1518 17.7 14.0 21.4      455      321      589 21.7 15.3 28.1      337      235      439 21.9 15.3 28.5  55135  48118  62152                                        Castro County                                 TX est23-tx.txt 27NOV2024
48  71     4617     3599     5635  8.6  6.7 10.5     1520     1037     2003 10.3  7.0 13.6     1110      727     1493  9.9  6.5 13.3 103034  93396 112672                                        Chambers County                               TX est23-tx.txt 27NOV2024
48  73     9420     7996    10844 18.9 16.1 21.7     3614     2914     4314 27.7 22.3 33.1     2432     1841     3023 25.4 19.2 31.6  57691  52947  62435                                        Cherokee County                               TX est23-tx.txt 27NOV2024
48  75     1086      826     1346 19.9 15.1 24.7      301      207      395 23.7 16.3 31.1      214      143      285 22.4 15.0 29.8  53921  46871  60971                                        Childress County                              TX est23-tx.txt 27NOV2024
48  77     1247      971     1523 11.7  9.1 14.3      369      257      481 17.1 11.9 22.3      279      192      366 17.1 11.7 22.5  73557  67165  79949                                        Clay County                                   TX est23-tx.txt 27NOV2024
48  79      546      421      671 22.0 17.0 27.0      223      157      289 33.8 23.8 43.8      158      105      211 34.9 23.3 46.5  46409  40424  52394                                        Cochran County                                TX est23-tx.txt 27NOV2024
48  81      424      322      526 13.0  9.9 16.1      135       92      178 19.0 13.0 25.0       99       66      132 18.6 12.4 24.8  56786  50343  63229                                        Coke County                                   TX est23-tx.txt 27NOV2024
48  83     1375     1052     1698 17.7 13.5 21.9      436      296      576 26.9 18.2 35.6      311      204      418 26.2 17.2 35.2  48955  42916  54994                                        Coleman County                                TX est23-tx.txt 27NOV2024
48  85    75716    68240    83192  6.4  5.8  7.0    19071    15499    22643  6.6  5.4  7.8    12623     9806    15440  5.7  4.4  7.0 120149 115270 125028                                        Collin County                                 TX est23-tx.txt 27NOV2024
48  87      481      379      583 18.9 14.9 22.9      210      157      263 31.8 23.8 39.8      128       87      169 25.8 17.5 34.1  48858  42464  55252                                        Collingsworth County                          TX est23-tx.txt 27NOV2024
48  89     2989     2317     3661 14.5 11.2 17.8     1104      771     1437 22.2 15.5 28.9      810      554     1066 22.5 15.4 29.6  61410  54676  68144                                        Colorado County                               TX est23-tx.txt 27NOV2024
48  91    13677    11159    16195  7.1  5.8  8.4     3843     2737     4949  9.1  6.5 11.7     2763     1931     3595  8.6  6.0 11.2  99871  93525 106217                                        Comal County                                  TX est23-tx.txt 27NOV2024
48  93     2435     1981     2889 17.6 14.3 20.9      843      635     1051 27.2 20.5 33.9      534      368      700 23.6 16.2 31.0  54726  47965  61487                                        Comanche County                               TX est23-tx.txt 27NOV2024
48  95      496      376      616 22.2 16.8 27.6      105       72      138 26.6 18.2 35.0       79       53      105 28.7 19.2 38.2  54909  48049  61769                                        Concho County                                 TX est23-tx.txt 27NOV2024
48  97     5374     4258     6490 12.5  9.9 15.1     1880     1400     2360 18.8 14.0 23.6     1331      967     1695 18.1 13.2 23.0  75003  69055  80951                                        Cooke County                                  TX est23-tx.txt 27NOV2024
48  99     8877     6835    10919 12.2  9.4 15.0     2988     2083     3893 15.8 11.0 20.6     2196     1519     2873 16.2 11.2 21.2  72724  69381  76067                                        Coryell County                                TX est23-tx.txt 27NOV2024
48 101      260      200      320 20.1 15.4 24.8       87       62      112 34.9 24.8 45.0       61       42       80 31.0 21.5 40.5  52342  45897  58787                                        Cottle County                                 TX est23-tx.txt 27NOV2024
48 103      522      403      641 11.7  9.0 14.4      208      148      268 15.9 11.3 20.5      152      104      200 15.2 10.4 20.0  58133  50008  66258                                        Crane County                                  TX est23-tx.txt 27NOV2024
48 105      430      327      533 15.3 11.6 19.0      155      106      204 21.1 14.4 27.8      114       76      152 21.2 14.1 28.3  58833  51214  66452                                        Crockett County                               TX est23-tx.txt 27NOV2024
48 107     1050      807     1293 21.7 16.7 26.7      413      281      545 33.0 22.5 43.5      309      206      412 32.6 21.8 43.4  46106  42031  50181                                        Crosby County                                 TX est23-tx.txt 27NOV2024
48 109      448      341      555 20.5 15.6 25.4      173      119      227 33.6 23.0 44.2      125       83      167 33.4 22.3 44.5  54183  47086  61280                                        Culberson County                              TX est23-tx.txt 27NOV2024
48 111      876      685     1067 12.2  9.5 14.9      389      271      507 15.7 11.0 20.4      258      173      343 15.4 10.3 20.5  61424  54831  68017                                        Dallam County                                 TX est23-tx.txt 27NOV2024
48 113   354670   330752   378588 13.8 12.9 14.7   124174   112250   136098 19.5 17.6 21.4    81940    72601    91279 17.6 15.6 19.6  74352  72795  75909                                        Dallas County                                 TX est23-tx.txt 27NOV2024
48 115     2030     1539     2521 19.7 14.9 24.5      770      520     1020 26.1 17.7 34.5      566      373      759 27.2 18.0 36.4  55057  48495  61619                                        Dawson County                                 TX est23-tx.txt 27NOV2024
48 117     2990     2320     3660 16.5 12.8 20.2     1262      871     1653 22.3 15.4 29.2      887      594     1180 22.0 14.7 29.3  60118  53437  66799                                        Deaf Smith County                             TX est23-tx.txt 27NOV2024
48 119      824      629     1019 15.1 11.5 18.7      296      201      391 22.5 15.3 29.7      212      140      284 22.4 14.8 30.0  56945  50018  63872                                        Delta County                                  TX est23-tx.txt 27NOV2024
48 121    60723    53752    67694  6.1  5.4  6.8    13484     9762    17206  5.9  4.3  7.5     9386     6454    12318  5.4  3.7  7.1 107401 103162 111640                                        Denton County                                 TX est23-tx.txt 27NOV2024
48 123     3363     2640     4086 18.3 14.4 22.2     1091      762     1420 24.2 16.9 31.5      791      543     1039 23.3 16.0 30.6  61067  55194  66940                                        DeWitt County                                 TX est23-tx.txt 27NOV2024
48 125      313      244      382 18.4 14.3 22.5       87       61      113 28.3 19.7 36.9       65       45       85 29.7 20.4 39.0  47356  41171  53541                                        Dickens County                                TX est23-tx.txt 27NOV2024
48 127     2202     1761     2643 27.3 21.8 32.8      848      603     1093 36.3 25.8 46.8      612      412      812 35.5 23.9 47.1  45002  39107  50897                                        Dimmit County                                 TX est23-tx.txt 27NOV2024
48 129      494      367      621 16.9 12.6 21.2      163      112      214 25.7 17.7 33.7      117       78      156 24.8 16.6 33.0  48934  42881  54987                                        Donley County                                 TX est23-tx.txt 27NOV2024
48 131     2576     2044     3108 29.1 23.1 35.1     1043      767     1319 42.8 31.5 54.1      814      597     1031 45.6 33.4 57.8  40415  35080  45750                                        Duval County                                  TX est23-tx.txt 27NOV2024
48 133     2822     2177     3467 16.3 12.6 20.0      928      659     1197 24.3 17.3 31.3      637      443      831 23.0 16.0 30.0  52188  45791  58585                                        Eastland County                               TX est23-tx.txt 27NOV2024
48 135    18966    14833    23099 11.7  9.2 14.2     7130     4864     9396 14.3  9.7 18.9     5139     3356     6922 14.4  9.4 19.4  66813  62493  71133                                        Ector County                                  TX est23-tx.txt 27NOV2024
48 137      272      205      339 19.7 14.8 24.6      102       69      135 34.7 23.5 45.9       80       52      108 37.7 24.7 50.7  51691  45058  58324                                        Edwards County                                TX est23-tx.txt 27NOV2024
48 139    16224    12895    19553  7.4  5.9  8.9     5182     3465     6899  9.0  6.0 12.0     3708     2396     5020  8.5  5.5 11.5  90077  84033  96121                                        Ellis County                                  TX est23-tx.txt 27NOV2024
48 141   157986   144884   171088 18.5 17.0 20.0    52652    45827    59477 23.8 20.7 26.9    38641    33216    44066 23.2 19.9 26.5  58656  56384  60928                                        El Paso County                                TX est23-tx.txt 27NOV2024
48 143     6382     5205     7559 15.8 12.9 18.7     1567     1134     2000 17.5 12.7 22.3     1108      782     1434 16.9 11.9 21.9  63564  57736  69392                                        Erath County                                  TX est23-tx.txt 27NOV2024
48 145     3104     2373     3835 20.1 15.4 24.8      915      609     1221 25.0 16.6 33.4      672      434      910 24.9 16.1 33.7  49940  45071  54809                                        Falls County                                  TX est23-tx.txt 27NOV2024
48 147     4900     3888     5912 14.2 11.3 17.1     1504     1125     1883 19.2 14.4 24.0     1116      830     1402 18.8 14.0 23.6  66381  59711  73051                                        Fannin County                                 TX est23-tx.txt 27NOV2024
48 149     2324     1799     2849  9.3  7.2 11.4      676      443      909 13.2  8.6 17.8      543      356      730 14.2  9.3 19.1  71442  66218  76666                                        Fayette County                                TX est23-tx.txt 27NOV2024
48 151      514      393      635 14.3 10.9 17.7      159      109      209 20.6 14.2 27.0      119       80      158 19.4 13.0 25.8  61808  56483  67133                                        Fisher County                                 TX est23-tx.txt 27NOV2024
48 153     1029      794     1264 20.3 15.7 24.9      412      284      540 31.9 22.0 41.8      308      207      409 30.8 20.7 40.9  46817  40853  52781                                        Floyd County                                  TX est23-tx.txt 27NOV2024
48 155      176      134      218 16.8 12.8 20.8       58       40       76 25.9 17.7 34.1       43       29       57 24.6 16.3 32.9  50030  43638  56422                                        Foard County                                  TX est23-tx.txt 27NOV2024
48 157    77408    68049    86767  8.5  7.5  9.5    24243    19764    28722 10.1  8.2 12.0    18271    14956    21586  9.8  8.0 11.6 106213 102014 110412                                        Fort Bend County                              TX est23-tx.txt 27NOV2024
48 159     1502     1165     1839 14.1 10.9 17.3      483      331      635 21.0 14.4 27.6      350      234      466 20.4 13.6 27.2  59972  52387  67557                                        Franklin County                               TX est23-tx.txt 27NOV2024
48 161     2890     2247     3533 15.4 12.0 18.8      943      659     1227 20.8 14.5 27.1      706      485      927 20.7 14.2 27.2  58850  53394  64306                                        Freestone County                              TX est23-tx.txt 27NOV2024
48 163     3886     2959     4813 25.6 19.5 31.7     1449      993     1905 36.2 24.8 47.6     1015      676     1354 35.0 23.3 46.7  50112  44199  56025                                        Frio County                                   TX est23-tx.txt 27NOV2024
48 165     2984     2254     3714 13.4 10.1 16.7     1551     1043     2059 19.3 13.0 25.6     1131      743     1519 19.7 12.9 26.5  66019  58471  73567                                        Gaines County                                 TX est23-tx.txt 27NOV2024
48 167    41008    35191    46825 11.5  9.9 13.1    12366     9558    15174 14.8 11.4 18.2     9117     6875    11359 14.4 10.8 18.0  83080  79513  86647                                        Galveston County                              TX est23-tx.txt 27NOV2024
48 169      749      568      930 18.5 14.1 22.9      235      161      309 26.8 18.4 35.2      173      115      231 25.9 17.2 34.6  53190  46597  59783                                        Garza County                                  TX est23-tx.txt 27NOV2024
48 171     2730     2190     3270 10.0  8.0 12.0      697      471      923 13.2  8.9 17.5      529      354      704 13.4  9.0 17.8  76238  66955  85521                                        Gillespie County                              TX est23-tx.txt 27NOV2024
48 173       92       71      113  8.1  6.2 10.0       23       15       31  8.0  5.4 10.6       18       12       24  8.9  5.8 12.0  99602  86280 112924                                        Glasscock County                              TX est23-tx.txt 27NOV2024
48 175      977      748     1206 13.8 10.6 17.0      309      209      409 22.4 15.1 29.7      235      154      316 22.4 14.7 30.1  64024  55919  72129                                        Goliad County                                 TX est23-tx.txt 27NOV2024
48 177     3460     2818     4102 17.6 14.3 20.9     1289      932     1646 24.9 18.0 31.8      982      709     1255 26.3 19.0 33.6  56350  49002  63698                                        Gonzales County                               TX est23-tx.txt 27NOV2024
48 179     3346     2729     3963 17.3 14.1 20.5     1164      889     1439 22.4 17.1 27.7      819      604     1034 20.7 15.3 26.1  56726  49854  63598                                        Gray County                                   TX est23-tx.txt 27NOV2024
48 181    15810    12922    18698 10.9  8.9 12.9     5154     3884     6424 14.8 11.2 18.4     3578     2575     4581 13.9 10.0 17.8  69442  62349  76535                                        Grayson County                                TX est23-tx.txt 27NOV2024
48 183    19723    17002    22444 16.0 13.8 18.2     7337     5975     8699 22.9 18.6 27.2     5010     3885     6135 21.2 16.4 26.0  61254  57846  64662                                        Gregg County                                  TX est23-tx.txt 27NOV2024
48 185     4398     3366     5430 14.9 11.4 18.4     1521     1072     1970 20.9 14.7 27.1     1098      751     1445 20.7 14.2 27.2  64708  58666  70750                                        Grimes County                                 TX est23-tx.txt 27NOV2024
48 187    15187    12402    17972  8.1  6.6  9.6     4731     3343     6119 10.7  7.6 13.8     3450     2322     4578 10.2  6.9 13.5  94952  91321  98583                                        Guadalupe County                              TX est23-tx.txt 27NOV2024
48 189     5742     4513     6971 19.3 15.2 23.4     2346     1759     2933 28.8 21.6 36.0     1726     1263     2189 28.1 20.6 35.6  52487  47941  57033                                        Hale County                                   TX est23-tx.txt 27NOV2024
48 191      614      466      762 22.1 16.8 27.4      221      150      292 36.8 25.0 48.6      161      107      215 34.8 23.0 46.6  40725  35675  45775                                        Hall County                                   TX est23-tx.txt 27NOV2024
48 193     1160      888     1432 13.7 10.5 16.9      395      274      516 21.5 14.9 28.1      294      199      389 20.8 14.1 27.5  59403  51808  66998                                        Hamilton County                               TX est23-tx.txt 27NOV2024
48 195      581      445      717 11.6  8.9 14.3      190      128      252 13.2  8.9 17.5      139       92      186 12.8  8.4 17.2  68171  59714  76628                                        Hansford County                               TX est23-tx.txt 27NOV2024
48 197      570      428      712 16.4 12.3 20.5      196      135      257 25.4 17.5 33.3      145       97      193 25.9 17.3 34.5  50431  43984  56878                                        Hardeman County                               TX est23-tx.txt 27NOV2024
48 199     6641     5269     8013 11.5  9.1 13.9     2176     1567     2785 15.1 10.9 19.3     1578     1122     2034 14.6 10.4 18.8  73943  66744  81142                                        Hardin County                                 TX est23-tx.txt 27NOV2024
48 201   764979   736471   793487 16.0 15.4 16.6   273708   257842   289574 22.4 21.1 23.7   193837   181394   206280 21.4 20.0 22.8  72348  71350  73346                                        Harris County                                 TX est23-tx.txt 27NOV2024
48 203    11735     9989    13481 17.2 14.6 19.8     3885     3094     4676 23.2 18.5 27.9     2812     2150     3474 22.3 17.1 27.5  62710  56757  68663                                        Harrison County                               TX est23-tx.txt 27NOV2024
48 205      365      277      453  8.5  6.4 10.6       93       64      122  8.3  5.7 10.9       68       45       91  8.6  5.7 11.5  88312  82387  94237                                        Hartley County                                TX est23-tx.txt 27NOV2024
48 207      942      701     1183 19.3 14.3 24.3      279      187      371 29.2 19.5 38.9      224      150      298 31.9 21.3 42.5  49755  43973  55537                                        Haskell County                                TX est23-tx.txt 27NOV2024
48 209    26595    22994    30196  9.8  8.5 11.1     5518     3835     7201  9.1  6.3 11.9     3889     2621     5157  8.6  5.8 11.4  88491  83975  93007                                        Hays County                                   TX est23-tx.txt 27NOV2024
48 211      314      237      391 10.1  7.6 12.6      113       77      149 13.4  9.2 17.6       84       56      112 12.6  8.4 16.8  72565  63481  81649                                        Hemphill County                               TX est23-tx.txt 27NOV2024
48 213    14343    12201    16485 16.9 14.4 19.4     4286     3316     5256 23.6 18.3 28.9     2913     2165     3661 21.7 16.1 27.3  58965  55013  62917                                        Henderson County                              TX est23-tx.txt 27NOV2024
48 215   239489   226789   252189 26.9 25.5 28.3   101192    94086   108298 37.3 34.7 39.9    75708    70668    80748 37.1 34.6 39.6  53160  51429  54891                                        Hidalgo County                                TX est23-tx.txt 27NOV2024
48 217     5329     4204     6454 14.2 11.2 17.2     1670     1151     2189 19.3 13.3 25.3     1155      753     1557 17.9 11.7 24.1  61840  58591  65089                                        Hill County                                   TX est23-tx.txt 27NOV2024
48 219     3183     2469     3897 15.1 11.7 18.5     1109      747     1471 19.8 13.3 26.3      837      549     1125 20.2 13.3 27.1  60851  55303  66399                                        Hockley County                                TX est23-tx.txt 27NOV2024
48 221     5455     4249     6661  8.1  6.3  9.9     1618     1044     2192 11.9  7.7 16.1     1205      761     1649 11.8  7.5 16.1  82428  74895  89961                                        Hood County                                   TX est23-tx.txt 27NOV2024
48 223     4905     3807     6003 13.0 10.1 15.9     1711     1209     2213 18.7 13.2 24.2     1214      838     1590 17.9 12.4 23.4  61112  54754  67470                                        Hopkins County                                TX est23-tx.txt 27NOV2024
48 225     4280     3353     5207 21.8 17.1 26.5     1261      867     1655 28.2 19.4 37.0      911      602     1220 27.7 18.3 37.1  52649  47200  58098                                        Houston County                                TX est23-tx.txt 27NOV2024
48 227     5079     4141     6017 18.0 14.7 21.3     1506     1116     1896 21.7 16.1 27.3     1108      802     1414 21.5 15.6 27.4  63398  57617  69179                                        Howard County                                 TX est23-tx.txt 27NOV2024
48 229      777      579      975 32.0 23.8 40.2      154       97      211 40.5 25.6 55.4      134       81      187 48.7 29.5 67.9  47693  42853  52533                                        Hudspeth County                               TX est23-tx.txt 27NOV2024
48 231    13951    11545    16357 12.7 10.5 14.9     4716     3592     5840 17.1 13.0 21.2     3067     2157     3977 15.1 10.6 19.6  70427  65888  74966                                        Hunt County                                   TX est23-tx.txt 27NOV2024
48 233     2809     2278     3340 14.3 11.6 17.0      814      558     1070 16.9 11.6 22.2      565      373      757 15.3 10.1 20.5  64752  56907  72597                                        Hutchinson County                             TX est23-tx.txt 27NOV2024
48 235      137      105      169  8.9  6.9 10.9       35       24       46  9.8  6.8 12.8       25       17       33  9.6  6.4 12.8  75689  65389  85989                                        Irion County                                  TX est23-tx.txt 27NOV2024
48 237     1051      792     1310 13.2  9.9 16.5      333      229      437 17.2 11.8 22.6      236      158      314 15.8 10.6 21.0  62721  55328  70114                                        Jack County                                   TX est23-tx.txt 27NOV2024
48 239     2079     1608     2550 14.0 10.8 17.2      737      506      968 19.2 13.2 25.2      520      344      696 19.2 12.7 25.7  62026  58202  65850                                        Jackson County                                TX est23-tx.txt 27NOV2024
48 241     5326     4159     6493 16.6 13.0 20.2     1776     1214     2338 23.6 16.1 31.1     1322      880     1764 23.4 15.6 31.2  58113  53414  62812                                        Jasper County                                 TX est23-tx.txt 27NOV2024
48 243      238      182      294 12.8  9.8 15.8       21       12       30 23.1 13.3 32.9       20       11       29 32.8 17.7 47.9  63614  55359  71869                                        Jeff Davis County                             TX est23-tx.txt 27NOV2024
48 245    47706    42317    53095 20.1 17.8 22.4    14362    11493    17231 23.6 18.9 28.3    10120     7697    12543 22.6 17.2 28.0  59298  55151  63445                                        Jefferson County                              TX est23-tx.txt 27NOV2024
48 247     1142      892     1392 24.6 19.2 30.0      494      351      637 36.6 26.0 47.2      354      242      466 33.9 23.2 44.6  44736  38825  50647                                        Jim Hogg County                               TX est23-tx.txt 27NOV2024
48 249     8100     6399     9801 21.2 16.8 25.6     3096     2189     4003 29.9 21.1 38.7     2336     1634     3038 29.7 20.8 38.6  50814  44711  56917                                        Jim Wells County                              TX est23-tx.txt 27NOV2024
48 251    19799    16428    23170  9.9  8.2 11.6     6558     4975     8141 12.8  9.7 15.9     4715     3467     5963 12.3  9.1 15.5  83229  78154  88304                                        Johnson County                                TX est23-tx.txt 27NOV2024
48 253     3034     2308     3760 20.5 15.6 25.4      737      519      955 21.6 15.2 28.0      550      380      720 21.2 14.6 27.8  51671  46314  57028                                        Jones County                                  TX est23-tx.txt 27NOV2024
48 255     2781     2212     3350 23.6 18.8 28.4      787      567     1007 26.5 19.1 33.9      579      413      745 25.9 18.4 33.4  62059  54068  70050                                        Karnes County                                 TX est23-tx.txt 27NOV2024
48 257    17588    14247    20929  9.6  7.8 11.4     7068     5255     8881 13.4 10.0 16.8     5331     3955     6707 13.6 10.1 17.1  90064  83920  96208                                        Kaufman County                                TX est23-tx.txt 27NOV2024
48 259     3408     2623     4193  6.9  5.3  8.5      967      665     1269  8.8  6.0 11.6      701      473      929  8.2  5.5 10.9 112618 102182 123054                                        Kendall County                                TX est23-tx.txt 27NOV2024
48 261       51       39       63 14.9 11.3 18.5       11        7       15 20.8 14.0 27.6        8        5       11 18.2 11.9 24.5  43037  37322  48752                                        Kenedy County                                 TX est23-tx.txt 27NOV2024
48 263       79       60       98 11.6  8.8 14.4       25       17       33 14.6  9.9 19.3       19       13       25 14.5  9.7 19.3  62437  54429  70445                                        Kent County                                   TX est23-tx.txt 27NOV2024
48 265     6235     4869     7601 12.0  9.4 14.6     1870     1302     2438 19.4 13.5 25.3     1336      910     1762 18.6 12.7 24.5  64662  57980  71344                                        Kerr County                                   TX est23-tx.txt 27NOV2024
48 267      769      597      941 17.4 13.5 21.3      280      203      357 34.7 25.1 44.3      200      138      262 34.7 23.9 45.5  54562  47586  61538                                        Kimble County                                 TX est23-tx.txt 27NOV2024
48 269       21       16       26  9.7  7.3 12.1        5        4        6 10.2  7.1 13.3        3        2        4  7.7  4.6 10.8  85720  74287  97153                                        King County                                   TX est23-tx.txt 27NOV2024
48 271      567      432      702 21.0 16.0 26.0      142       97      187 26.0 17.7 34.3      109       72      146 26.6 17.6 35.6  53572  47033  60111                                        Kinney County                                 TX est23-tx.txt 27NOV2024
48 273     6341     5009     7673 22.1 17.5 26.7     2071     1456     2686 29.1 20.5 37.7     1510     1041     1979 29.4 20.3 38.5  52903  46861  58945                                        Kleberg County                                TX est23-tx.txt 27NOV2024
48 275      657      514      800 20.5 16.0 25.0      284      196      372 32.0 22.1 41.9      207      140      274 30.3 20.4 40.2  55414  53383  57445                                        Knox County                                   TX est23-tx.txt 27NOV2024
48 277     9670     8213    11127 19.2 16.3 22.1     3565     2871     4259 28.7 23.1 34.3     2589     2074     3104 28.7 23.0 34.4  56275  50103  62447                                        Lamar County                                  TX est23-tx.txt 27NOV2024
48 279     2291     1791     2791 18.3 14.3 22.3      864      610     1118 25.2 17.8 32.6      624      437      811 23.9 16.7 31.1  57113  51868  62358                                        Lamb County                                   TX est23-tx.txt 27NOV2024
48 281     2645     2040     3250 11.5  8.9 14.1      828      567     1089 17.1 11.7 22.5      610      412      808 16.4 11.1 21.7  71484  64131  78837                                        Lampasas County                               TX est23-tx.txt 27NOV2024
48 283     1378     1042     1714 27.1 20.5 33.7      381      258      504 31.6 21.4 41.8      289      189      389 33.1 21.7 44.5  48675  42429  54921                                        La Salle County                               TX est23-tx.txt 27NOV2024
48 285     2513     2002     3024 12.5 10.0 15.0      774      543     1005 16.2 11.4 21.0      534      348      720 15.1  9.8 20.4  64145  56614  71676                                        Lavaca County                                 TX est23-tx.txt 27NOV2024
48 287     2002     1528     2476 11.2  8.5 13.9      584      396      772 15.9 10.8 21.0      432      284      580 16.2 10.6 21.8  71112  64275  77949                                        Lee County                                    TX est23-tx.txt 27NOV2024
48 289     2256     1735     2777 13.7 10.5 16.9      800      550     1050 21.2 14.6 27.8      603      406      800 21.4 14.4 28.4  59488  52361  66615                                        Leon County                                   TX est23-tx.txt 27NOV2024
48 291    14974    11728    18220 14.5 11.3 17.7     6605     4545     8665 20.4 14.0 26.8     4791     3222     6360 19.7 13.2 26.2  72329  67128  77530                                        Liberty County                                TX est23-tx.txt 27NOV2024
48 293     3819     3037     4601 18.0 14.3 21.7     1254      901     1607 25.6 18.4 32.8      918      641     1195 25.2 17.6 32.8  53482  47397  59567                                        Limestone County                              TX est23-tx.txt 27NOV2024
48 295      362      277      447 12.6  9.6 15.6      121       83      159 16.9 11.6 22.2       89       60      118 16.4 11.0 21.8  67386  58926  75846                                        Lipscomb County                               TX est23-tx.txt 27NOV2024
48 297     1686     1288     2084 17.0 13.0 21.0      505      344      666 23.5 16.0 31.0      373      247      499 23.2 15.4 31.0  59202  51634  66770                                        Live Oak County                               TX est23-tx.txt 27NOV2024
48 299     2655     2066     3244 11.7  9.1 14.3      740      514      966 21.2 14.7 27.7      542      370      714 21.6 14.8 28.4  71475  64376  78574                                        Llano County                                  TX est23-tx.txt 27NOV2024
48 301        2        1        3  4.7  3.5  5.9        1        1        1  7.7  3.9 11.5        1        1        1  8.3  4.7 11.9  86760  71204 102316                                        Loving County                                 TX est23-tx.txt 27NOV2024
48 303    52974    47494    58454 17.1 15.3 18.9    14651    11684    17618 19.9 15.9 23.9    10319     7917    12721 19.1 14.7 23.5  57883  54679  61087                                        Lubbock County                                TX est23-tx.txt 27NOV2024
48 305      954      754     1154 16.7 13.2 20.2      339      242      436 21.4 15.3 27.5      249      172      326 20.5 14.2 26.8  57338  50209  64467                                        Lynn County                                   TX est23-tx.txt 27NOV2024
48 307     1359     1050     1668 18.5 14.3 22.7      427      294      560 28.0 19.3 36.7      311      209      413 26.8 18.0 35.6  47814  41527  54101                                        McCulloch County                              TX est23-tx.txt 27NOV2024
48 309    43162    37966    48358 16.7 14.7 18.7    12738    10347    15129 20.2 16.4 24.0     9331     7555    11107 20.3 16.4 24.2  63377  59331  67423                                        McLennan County                               TX est23-tx.txt 27NOV2024
48 311       70       53       87 12.4  9.3 15.5       22       15       29 18.6 12.5 24.7       18       12       24 19.8 12.9 26.7  71112  61369  80855                                        McMullen County                               TX est23-tx.txt 27NOV2024
48 313     2108     1640     2576 18.3 14.2 22.4      684      477      891 22.5 15.7 29.3      499      341      657 23.3 15.9 30.7  53301  46885  59717                                        Madison County                                TX est23-tx.txt 27NOV2024
48 315     2047     1608     2486 21.7 17.1 26.3      570      405      735 33.3 23.7 42.9      429      300      558 32.9 23.0 42.8  47660  41578  53742                                        Marion County                                 TX est23-tx.txt 27NOV2024
48 317      616      463      769 11.9  9.0 14.8      260      177      343 15.9 10.8 21.0      182      119      245 14.2  9.3 19.1  81637  71000  92274                                        Martin County                                 TX est23-tx.txt 27NOV2024
48 319      486      377      595 12.4  9.6 15.2      150      103      197 20.8 14.2 27.4      113       75      151 20.3 13.5 27.1  62435  54184  70686                                        Mason County                                  TX est23-tx.txt 27NOV2024
48 321     6434     5190     7678 17.9 14.4 21.4     2464     1841     3087 26.4 19.7 33.1     1685     1177     2193 24.9 17.4 32.4  58996  52260  65732                                        Matagorda County                              TX est23-tx.txt 27NOV2024
48 323    13047    10766    15328 22.8 18.8 26.8     5153     3733     6573 29.2 21.2 37.2     3852     2706     4998 29.9 21.0 38.8  46052  42287  49817                                        Maverick County                               TX est23-tx.txt 27NOV2024
48 325     6871     5376     8366 13.1 10.2 16.0     2215     1595     2835 18.3 13.2 23.4     1684     1195     2173 18.5 13.1 23.9  70707  64920  76494                                        Medina County                                 TX est23-tx.txt 27NOV2024
48 327      385      294      476 20.0 15.3 24.7      125       87      163 34.4 24.0 44.8       95       65      125 33.8 23.0 44.6  45438  39680  51196                                        Menard County                                 TX est23-tx.txt 27NOV2024
48 329    19221    15709    22733 10.9  8.9 12.9     7081     5284     8878 13.8 10.3 17.3     5349     3981     6717 14.6 10.9 18.3  94375  88058 100692                                        Midland County                                TX est23-tx.txt 27NOV2024
48 331     4056     3256     4856 15.9 12.8 19.0     1290      924     1656 22.5 16.1 28.9      992      705     1279 23.2 16.5 29.9  63456  57578  69334                                        Milam County                                  TX est23-tx.txt 27NOV2024
48 333      638      486      790 14.7 11.2 18.2      189      128      250 22.4 15.1 29.7      137       91      183 21.7 14.4 29.0  56328  49316  63340                                        Mills County                                  TX est23-tx.txt 27NOV2024
48 335     1447     1095     1799 21.1 16.0 26.2      401      273      529 22.5 15.3 29.7      286      189      383 20.9 13.8 28.0  53255  46475  60035                                        Mitchell County                               TX est23-tx.txt 27NOV2024
48 337     2856     2269     3443 13.4 10.6 16.2      842      577     1107 17.5 12.0 23.0      574      374      774 15.6 10.1 21.1  60336  53803  66869                                        Montague County                               TX est23-tx.txt 27NOV2024
48 339    71419    63156    79682 10.1  8.9 11.3    24468    20278    28658 13.5 11.2 15.8    17823    14740    20906 13.0 10.7 15.3  92578  88946  96210                                        Montgomery County                             TX est23-tx.txt 27NOV2024
48 341     2839     2312     3366 13.5 11.0 16.0     1375     1108     1642 20.7 16.7 24.7     1013      818     1208 21.6 17.4 25.8  64003  56750  71256                                        Moore County                                  TX est23-tx.txt 27NOV2024
48 343     2304     1814     2794 19.3 15.2 23.4      828      604     1052 30.5 22.2 38.8      577      404      750 27.9 19.5 36.3  51598  45766  57430                                        Morris County                                 TX est23-tx.txt 27NOV2024
48 345      171      130      212 16.8 12.8 20.8       56       38       74 28.4 19.3 37.5       43       28       58 30.3 20.1 40.5  48952  42781  55123                                        Motley County                                 TX est23-tx.txt 27NOV2024
48 347    11954     9913    13995 19.6 16.3 22.9     3704     2753     4655 24.5 18.2 30.8     2655     1940     3370 24.1 17.6 30.6  52516  48657  56375                                        Nacogdoches County                            TX est23-tx.txt 27NOV2024
48 349     8526     6855    10197 15.7 12.6 18.8     3168     2275     4061 21.6 15.5 27.7     2367     1707     3027 21.7 15.7 27.7  59659  53315  66003                                        Navarro County                                TX est23-tx.txt 27NOV2024
48 351     2220     1712     2728 18.5 14.3 22.7      630      428      832 26.9 18.3 35.5      477      316      638 27.1 18.0 36.2  51302  44816  57788                                        Newton County                                 TX est23-tx.txt 27NOV2024
48 353     2856     2296     3416 20.4 16.4 24.4      982      715     1249 27.7 20.2 35.2      690      486      894 25.8 18.2 33.4  53370  48058  58682                                        Nolan County                                  TX est23-tx.txt 27NOV2024
48 355    59695    52428    66962 17.3 15.2 19.4    20246    16860    23632 24.7 20.6 28.8    13048    10193    15903 21.6 16.9 26.3  63669  59792  67546                                        Nueces County                                 TX est23-tx.txt 27NOV2024
48 357     1074      814     1334 11.1  8.4 13.8      441      297      585 15.4 10.4 20.4      310      203      417 14.6  9.6 19.6  71770  63707  79833                                        Ochiltree County                              TX est23-tx.txt 27NOV2024
48 359      198      151      245 12.3  9.4 15.2       61       42       80 27.4 18.7 36.1       40       27       53 28.4 19.1 37.7  68640  60093  77187                                        Oldham County                                 TX est23-tx.txt 27NOV2024
48 361    12295    10028    14562 14.5 11.8 17.2     4171     3001     5341 19.3 13.9 24.7     3048     2149     3947 19.0 13.4 24.6  66029  60457  71601                                        Orange County                                 TX est23-tx.txt 27NOV2024
48 363     4970     4105     5835 16.9 14.0 19.8     1791     1401     2181 26.4 20.7 32.1     1194      873     1515 23.9 17.5 30.3  55417  50354  60480                                        Palo Pinto County                             TX est23-tx.txt 27NOV2024
48 365     3072     2395     3749 13.6 10.6 16.6      981      669     1293 18.7 12.8 24.6      738      490      986 18.8 12.5 25.1  63482  57551  69413                                        Panola County                                 TX est23-tx.txt 27NOV2024
48 367    14141    11904    16378  8.2  6.9  9.5     3893     2876     4910  9.3  6.9 11.7     2759     1973     3545  8.7  6.2 11.2  98121  92691 103551                                        Parker County                                 TX est23-tx.txt 27NOV2024
48 369     1278      981     1575 13.4 10.3 16.5      459      316      602 17.3 11.9 22.7      339      229      449 17.2 11.6 22.8  62913  54842  70984                                        Parmer County                                 TX est23-tx.txt 27NOV2024
48 371     2686     2147     3225 21.2 17.0 25.4      857      613     1101 24.0 17.2 30.8      594      405      783 22.3 15.2 29.4  58265  51006  65524                                        Pecos County                                  TX est23-tx.txt 27NOV2024
48 373     9090     7696    10484 18.1 15.3 20.9     3289     2679     3899 30.0 24.4 35.6     2198     1697     2699 26.6 20.5 32.7  57009  51017  63001                                        Polk County                                   TX est23-tx.txt 27NOV2024
48 375    19265    15695    22835 17.8 14.5 21.1     6877     4879     8875 22.8 16.2 29.4     4742     3230     6254 21.3 14.5 28.1  51177  48727  53627                                        Potter County                                 TX est23-tx.txt 27NOV2024
48 377     1314     1029     1599 22.9 17.9 27.9      550      384      716 35.2 24.6 45.8      440      303      577 37.8 26.0 49.6  42699  36916  48482                                        Presidio County                               TX est23-tx.txt 27NOV2024
48 379     1782     1376     2188 13.8 10.7 16.9      527      368      686 20.8 14.5 27.1      382      260      504 19.9 13.5 26.3  63796  56725  70867                                        Rains County                                  TX est23-tx.txt 27NOV2024
48 381    12644    10207    15081  8.7  7.0 10.4     3707     2671     4743 10.7  7.7 13.7     2576     1796     3356 10.0  7.0 13.0  81705  74846  88564                                        Randall County                                TX est23-tx.txt 27NOV2024
48 383      335      256      414 10.7  8.2 13.2      127       87      167 14.4  9.9 18.9       99       66      132 15.2 10.2 20.2  72585  63088  82082                                        Reagan County                                 TX est23-tx.txt 27NOV2024
48 385      438      331      545 15.7 11.9 19.5      166      112      220 34.2 23.1 45.3      134       88      180 40.1 26.2 54.0  49014  42437  55591                                        Real County                                   TX est23-tx.txt 27NOV2024
48 387     2117     1662     2572 18.4 14.4 22.4      648      449      847 27.1 18.8 35.4      479      325      633 27.3 18.5 36.1  49265  43642  54888                                        Red River County                              TX est23-tx.txt 27NOV2024
48 389     1993     1513     2473 17.6 13.4 21.8      764      525     1003 23.6 16.2 31.0      563      377      749 23.6 15.8 31.4  57179  49808  64550                                        Reeves County                                 TX est23-tx.txt 27NOV2024
48 391     1104      853     1355 16.8 13.0 20.6      380      259      501 26.4 18.0 34.8      287      191      383 24.9 16.5 33.3  52641  45829  59453                                        Refugio County                                TX est23-tx.txt 27NOV2024
48 393       75       58       92  9.0  7.0 11.0       23       16       30 11.3  8.0 14.6       17       12       22 11.3  7.9 14.7  76634  66608  86660                                        Roberts County                                TX est23-tx.txt 27NOV2024
48 395     2909     2278     3540 17.0 13.3 20.7     1035      744     1326 25.2 18.1 32.3      789      564     1014 26.1 18.7 33.5  60078  53794  66362                                        Robertson County                              TX est23-tx.txt 27NOV2024
48 397     6600     5138     8062  5.1  4.0  6.2     2244     1521     2967  6.5  4.4  8.6     1630     1082     2178  6.1  4.0  8.2 118175 108084 128266                                        Rockwall County                               TX est23-tx.txt 27NOV2024
48 399     1478     1120     1836 15.3 11.6 19.0      535      368      702 23.3 16.0 30.6      394      264      524 23.1 15.5 30.7  61643  58554  64732                                        Runnels County                                TX est23-tx.txt 27NOV2024
48 401     6866     5350     8382 14.2 11.1 17.3     2021     1377     2665 17.1 11.7 22.5     1556     1068     2044 17.2 11.8 22.6  65812  60308  71316                                        Rusk County                                   TX est23-tx.txt 27NOV2024
48 403     1451     1077     1825 14.5 10.8 18.2      546      375      717 30.4 20.9 39.9      404      270      538 31.8 21.3 42.3  58723  52661  64785                                        Sabine County                                 TX est23-tx.txt 27NOV2024
48 405     1546     1192     1900 20.3 15.6 25.0      501      346      656 31.8 22.0 41.6      366      244      488 31.5 21.0 42.0  50908  44693  57123                                        San Augustine County                          TX est23-tx.txt 27NOV2024
48 407     4798     3794     5802 16.7 13.2 20.2     1546     1083     2009 25.5 17.9 33.1     1170      813     1527 25.5 17.7 33.3  66009  61102  70916                                        San Jacinto County                            TX est23-tx.txt 27NOV2024
48 409    12080     9954    14206 17.2 14.2 20.2     4593     3568     5618 25.6 19.9 31.3     3202     2397     4007 24.0 18.0 30.0  61411  56049  66773                                        San Patricio County                           TX est23-tx.txt 27NOV2024
48 411      952      736     1168 18.4 14.2 22.6      279      188      370 25.9 17.5 34.3      206      135      277 25.5 16.8 34.2  52325  46656  57994                                        San Saba County                               TX est23-tx.txt 27NOV2024
48 413      377      289      465 16.0 12.3 19.7      127       86      168 22.2 15.1 29.3       97       65      129 22.9 15.3 30.5  60063  52608  67518                                        Schleicher County                             TX est23-tx.txt 27NOV2024
48 415     2397     1876     2918 15.7 12.3 19.1      888      626     1150 21.3 15.0 27.6      627      424      830 20.0 13.5 26.5  69881  63818  75944                                        Scurry County                                 TX est23-tx.txt 27NOV2024
48 417      409      310      508 12.8  9.7 15.9      136       94      178 18.9 13.0 24.8       99       66      132 18.4 12.3 24.5  68681  60174  77188                                        Shackelford County                            TX est23-tx.txt 27NOV2024
48 419     4321     3422     5220 18.0 14.3 21.7     1509     1047     1971 24.0 16.7 31.3     1129      777     1481 24.5 16.8 32.2  54359  48442  60276                                        Shelby County                                 TX est23-tx.txt 27NOV2024
48 421      339      258      420 12.8  9.7 15.9      125       86      164 17.5 12.0 23.0       91       60      122 17.1 11.3 22.9  66202  57443  74961                                        Sherman County                                TX est23-tx.txt 27NOV2024
48 423    31655    27018    36292 13.2 11.3 15.1     9915     7528    12302 17.1 13.0 21.2     7447     5486     9408 17.2 12.7 21.7  71348  65787  76909                                        Smith County                                  TX est23-tx.txt 27NOV2024
48 425      858      655     1061  8.8  6.7 10.9      264      180      348 12.7  8.7 16.7      204      136      272 13.1  8.8 17.4  78913  69091  88735                                        Somervell County                              TX est23-tx.txt 27NOV2024
48 427    18868    15781    21955 28.8 24.1 33.5     7832     5957     9707 37.0 28.1 45.9     5679     4278     7080 36.2 27.3 45.1  38824  35613  42035                                        Starr County                                  TX est23-tx.txt 27NOV2024
48 429     1545     1193     1897 18.4 14.2 22.6      497      354      640 26.1 18.6 33.6      356      247      465 24.9 17.3 32.5  59099  53385  64813                                        Stephens County                               TX est23-tx.txt 27NOV2024
48 431      156      118      194 11.5  8.7 14.3       60       41       79 14.6 10.0 19.2       43       28       58 15.4 10.2 20.6  80859  70280  91438                                        Sterling County                               TX est23-tx.txt 27NOV2024
48 433      184      140      228 15.9 12.1 19.7       58       40       76 22.4 15.4 29.4       44       29       59 21.9 14.6 29.2  56413  49294  63532                                        Stonewall County                              TX est23-tx.txt 27NOV2024
48 435      432      327      537 13.4 10.1 16.7      143       98      188 18.8 12.9 24.7      107       71      143 18.4 12.2 24.6  63893  55730  72056                                        Sutton County                                 TX est23-tx.txt 27NOV2024
48 437     1223      932     1514 19.4 14.8 24.0      457      314      600 28.0 19.3 36.7      333      224      442 26.8 18.0 35.6  52350  46342  58358                                        Swisher County                                TX est23-tx.txt 27NOV2024
48 439   236391   218685   254097 11.0 10.2 11.8    76911    67835    85987 14.2 12.5 15.9    55476    48423    62529 13.7 12.0 15.4  80083  78028  82138                                        Tarrant County                                TX est23-tx.txt 27NOV2024
48 441    18753    15445    22061 13.3 11.0 15.6     5418     3770     7066 15.3 10.6 20.0     3932     2670     5194 15.3 10.4 20.2  62128  57445  66811                                        Taylor County                                 TX est23-tx.txt 27NOV2024
48 443      128       97      159 18.6 14.1 23.1       28       19       37 21.5 14.6 28.4       20       13       27 19.4 12.7 26.1  47947  41650  54244                                        Terrell County                                TX est23-tx.txt 27NOV2024
48 445     2117     1596     2638 19.3 14.5 24.1      963      657     1269 29.4 20.1 38.7      678      451      905 28.4 18.9 37.9  44361  40873  47849                                        Terry County                                  TX est23-tx.txt 27NOV2024
48 447      199      150      248 13.1  9.9 16.3       76       52      100 20.9 14.4 27.4       53       35       71 20.2 13.5 26.9  51546  44960  58132                                        Throckmorton County                           TX est23-tx.txt 27NOV2024
48 449     4883     3961     5805 15.7 12.7 18.7     1754     1262     2246 20.2 14.5 25.9     1299      921     1677 20.0 14.2 25.8  57559  51341  63777                                        Titus County                                  TX est23-tx.txt 27NOV2024
48 451    16827    14333    19321 14.6 12.4 16.8     4747     3554     5940 17.1 12.8 21.4     3391     2413     4369 16.7 11.9 21.5  60379  54599  66159                                        Tom Green County                              TX est23-tx.txt 27NOV2024
48 453   133858   122262   145454 10.2  9.3 11.1    31080    25095    37065 12.0  9.7 14.3    20616    16055    25177 11.0  8.6 13.4  97544  93501 101587                                        Travis County                                 TX est23-tx.txt 27NOV2024
48 455     2664     2117     3211 18.9 15.0 22.8      798      555     1041 28.6 19.9 37.3      590      400      780 28.3 19.2 37.4  49277  43096  55458                                        Trinity County                                TX est23-tx.txt 27NOV2024
48 457     3326     2616     4036 18.5 14.6 22.4      915      623     1207 23.8 16.2 31.4      681      453      909 23.5 15.6 31.4  54438  47699  61177                                        Tyler County                                  TX est23-tx.txt 27NOV2024
48 459     5937     4614     7260 13.9 10.8 17.0     1879     1273     2485 18.6 12.6 24.6     1414      937     1891 18.6 12.3 24.9  61533  54986  68080                                        Upshur County                                 TX est23-tx.txt 27NOV2024
48 461      465      359      571 15.3 11.8 18.8      173      119      227 21.5 14.8 28.2      129       86      172 20.1 13.4 26.8  59047  50997  67097                                        Upton County                                  TX est23-tx.txt 27NOV2024
48 463     5056     3935     6177 21.0 16.3 25.7     2115     1487     2743 32.4 22.8 42.0     1548     1060     2036 33.3 22.8 43.8  49006  43626  54386                                        Uvalde County                                 TX est23-tx.txt 27NOV2024
48 465     9234     7442    11026 20.2 16.3 24.1     3965     3020     4910 30.1 22.9 37.3     3034     2288     3780 32.1 24.2 40.0  56619  50781  62457                                        Val Verde County                              TX est23-tx.txt 27NOV2024
48 467     7603     5861     9345 12.0  9.2 14.8     2431     1688     3174 16.8 11.7 21.9     1709     1128     2290 15.7 10.4 21.0  66356  62167  70545                                        Van Zandt County                              TX est23-tx.txt 27NOV2024
48 469    12747    10210    15284 14.1 11.3 16.9     4522     3146     5898 20.0 13.9 26.1     3371     2315     4427 20.4 14.0 26.8  69442  63631  75253                                        Victoria County                               TX est23-tx.txt 27NOV2024
48 471    13745    11405    16085 22.4 18.6 26.2     2657     1902     3412 22.6 16.2 29.0     1702     1148     2256 20.0 13.5 26.5  56863  50824  62902                                        Walker County                                 TX est23-tx.txt 27NOV2024
48 473     7962     6343     9581 13.9 11.1 16.7     2755     2093     3417 18.5 14.0 23.0     1867     1334     2400 17.0 12.2 21.8  77209  68283  86135                                        Waller County                                 TX est23-tx.txt 27NOV2024
48 475     1529     1184     1874 14.1 10.9 17.3      578      408      748 18.7 13.2 24.2      420      289      551 18.6 12.8 24.4  65610  57405  73815                                        Ward County                                   TX est23-tx.txt 27NOV2024
48 477     5020     4091     5949 14.5 11.8 17.2     1555     1158     1952 20.3 15.1 25.5     1176      876     1476 20.5 15.3 25.7  67927  60733  75121                                        Washington County                             TX est23-tx.txt 27NOV2024
48 479    59745    52912    66578 22.5 19.9 25.1    25983    21990    29976 31.6 26.7 36.5    18438    15312    21564 30.2 25.1 35.3  57899  54621  61177                                        Webb County                                   TX est23-tx.txt 27NOV2024
48 481     6298     4957     7639 15.3 12.0 18.6     2220     1506     2934 21.3 14.5 28.1     1653     1100     2206 21.7 14.4 29.0  60496  55174  65818                                        Wharton County                                TX est23-tx.txt 27NOV2024
48 483      676      516      836 14.3 10.9 17.7      248      170      326 20.9 14.3 27.5      176      117      235 19.1 12.7 25.5  54682  47886  61478                                        Wheeler County                                TX est23-tx.txt 27NOV2024
48 485    20955    18333    23577 17.6 15.4 19.8     6923     5678     8168 23.6 19.4 27.8     4745     3740     5750 22.2 17.5 26.9  61622  58907  64337                                        Wichita County                                TX est23-tx.txt 27NOV2024
48 487     2065     1643     2487 16.9 13.4 20.4      647      470      824 25.0 18.2 31.8      429      287      571 23.9 16.0 31.8  53416  46584  60248                                        Wilbarger County                              TX est23-tx.txt 27NOV2024
48 489     4817     3717     5917 27.8 21.5 34.1     1612     1100     2124 34.9 23.8 46.0     1184      776     1592 34.0 22.3 45.7  42279  37171  47387                                        Willacy County                                TX est23-tx.txt 27NOV2024
48 491    44506    39684    49328  6.4  5.7  7.1    11725     9335    14115  7.2  5.7  8.7     8157     6385     9929  6.7  5.2  8.2 111183 106794 115572                                        Williamson County                             TX est23-tx.txt 27NOV2024
48 493     5312     4175     6449  9.9  7.8 12.0     1733     1277     2189 13.8 10.2 17.4     1298      956     1640 13.5  9.9 17.1  85288  77808  92768                                        Wilson County                                 TX est23-tx.txt 27NOV2024
48 495      991      749     1233 13.5 10.2 16.8      371      252      490 17.6 12.0 23.2      264      173      355 17.2 11.3 23.1  67901  59218  76584                                        Winkler County                                TX est23-tx.txt 27NOV2024
48 497     7217     5690     8744  9.4  7.4 11.4     2299     1630     2968 12.1  8.6 15.6     1645     1137     2153 11.6  8.0 15.2  89873  84840  94906                                        Wise County                                   TX est23-tx.txt 27NOV2024
48 499     7060     5716     8404 15.2 12.3 18.1     1925     1389     2461 22.0 15.9 28.1     1354      933     1775 20.3 14.0 26.6  58813  52205  65421                                        Wood County                                   TX est23-tx.txt 27NOV2024
48 501      960      733     1187 13.0  9.9 16.1      414      285      543 17.0 11.7 22.3      303      203      403 17.0 11.4 22.6  64634  56273  72995                                        Yoakum County                                 TX est23-tx.txt 27NOV2024
48 503     2590     2023     3157 14.5 11.3 17.7      862      619     1105 20.1 14.4 25.8      634      447      821 19.7 13.9 25.5  64187  58357  70017                                        Young County                                  TX est23-tx.txt 27NOV2024
48 505     4134     3337     4931 30.4 24.5 36.3     1877     1356     2398 43.9 31.7 56.1     1385      988     1782 41.6 29.7 53.5  41688  36594  46782                                        Zapata County                                 TX est23-tx.txt 27NOV2024
48 507     2677     2087     3267 28.9 22.5 35.3     1157      827     1487 42.5 30.4 54.6      877      611     1143 43.7 30.4 57.0  36878  32069  41687                                        Zavala County                                 TX est23-tx.txt 27NOV2024
